0.0855990350 0.0000000000
0.1113181561 0.0000000000
0.1113181040 0.0000000000
0.1441676766 0.0000000000
0.1113181040 0.0000000000
0.1441676766 0.0000000000
0.1441676170 0.0000000000
0.1858908087 0.0000000000
0.1113180965 0.0000000000
0.1441676766 0.0000000000
0.1441676021 0.0000000000
0.1858907938 0.0000000000
0.1441676021 0.0000000000
0.1858907938 0.0000000000
0.1858907193 0.0000000000
0.2385577112 0.0000000000
0.1113180965 0.0000000000
0.1441676617 0.0000000000
0.1441676021 0.0000000000
0.1858907938 0.0000000000
0.1441676021 0.0000000000
0.1858907938 0.0000000000
0.1858907193 0.0000000000
0.2385577112 0.0000000000
0.1441676021 0.0000000000
0.1858907938 0.0000000000
0.1858907193 0.0000000000
0.2385577112 0.0000000000
0.1858907044 0.0000000000
0.2385576963 0.0000000000
0.2385576069 0.0000000000
0.3045792580 0.0000000000
